100
 9230 13137
 4096 24064
 8192 26112
22016  9344
 4440  8028
 6505 31422
28462 32343
17152 19200
 9561 11599
 4096 20992
21538  2430
21903 23677
17152 16128
 7168 25088
10162 18638
  822 32301
16128 12032
18989  3797
 8192 28160
16128 20224
14080 20224
26112  7296
20367 20436
 7486   422
17835  2689
22016  3200
22016  5248
24650 16886
15104 20224
25866  4204
13056 15104
13662 10301
17152 20224
15104 12032
 6144 20992
26112  3200
 6144 29184
13056 12032
 8128 20992
 5076 19172
17152 17152
  823 15895
25216  3200
 6071 29161
 5120 20992
10324 22176
29900  9390
27424  7945
 4096 23040
12831 27971
29860 12437
28668  2061
 1429 12561
29413   596
17152 18176
 8192 27136
 5120 29184
22016 11392
 1444 10362
32011  3140
15731 32661
26112  4224
13120 20224
30950  2616
 4096 22016
 4096 25088
24064  3200
26112  5248
 4862 30650
 5570  8885
21784 18853
23164 32371
 4160 29184
13056 13056
 8192 29184
23040  7296
 5120 25088
22016  7296
 7168 29184
25216  7296
23040  3200
 4718  4451
14080 16128
 7168 20992
19546 17728
13056 16128
17947 17017
26112  6272
20658  1204
23553 13965
13056 14080
14080 12032
24064  7296
21377 26361
17088 12032
16128 16128
30875 28560
 2542 26201
 8192 25088
11444 16973
